[{"__type__":"cc.SpriteFrame","content":{"name":"imgw_word4","texture":"e60Ox+NsVJtbG14D5SWTsL","rect":[0,0,416,90],"offset":[0,0],"originalSize":[416,90],"capInsets":[0,0,0,0]}},{"__type__":"cc.SpriteFrame","content":{"name":"fm_Polygon","texture":"bfGEla99VHtIWU+2W3bhpG","rect":[0,0,195,169],"offset":[0,0],"originalSize":[195,169],"capInsets":[0,0,0,0]}},{"__type__":"cc.Model","_name":"robot_model","_nodes":[{"name":"RootNode","scale":[1,1,1],"children":[1,2,3,25,26],"position":[0,0,0],"quat":[0,0,0,1],"path":""},{"name":"robot","scale":[1,1,1],"mesh":0,"skin":0,"parent":null,"position":[0,0,0.0038714143447578],"quat":[-0.70710676908493,0,0,0.70710676908493],"path":"robot"},{"name":"CAT_","scale":[1,1,1],"parent":null,"position":[-0.000892340845894068,0,0.000104046244814526],"quat":[0.500000059604645,0.5,0.499999910593033,0.5],"path":"CAT_"},{"name":"CAT_Pelvis","scale":[1,1,1],"children":[4,17,21],"parent":null,"position":[-0.000892340845894068,0.183774530887604,0.000104007580375765],"quat":[0.500000059604645,0.5,0.499999910593033,0.5],"path":"CAT_Pelvis","uniqueBindPose":[1.6292067073209182e-7,1.509957741063772e-7,1,0,6.123234262925839e-17,-1,1.509957741063772e-7,0,1,-2.4539105217768163e-14,-1.6292067073209182e-7,0,-0.18377453088760376,0.003767406800761819,0.0008923701825551689,1]},{"name":"CAT_Spine1","scale":[1,1,1],"children":[5],"parent":null,"position":[0,0,0],"quat":[7.10542989869984e-15,-2.55717451066225e-14,-7.105427357601e-15,1],"path":"CAT_Pelvis/CAT_Spine1","uniqueBindPose":[1.6292069915380125e-7,1.5099580252808664e-7,1,0,6.123234262925839e-17,-1,1.5099580252808664e-7,0,1,-2.4539106911834058e-14,-1.6292069915380125e-7,0,-0.18377453088760376,0.003767406800761819,0.0008923701825551689,1]},{"name":"CAT_Spine2","scale":[1,1,1],"children":[6],"parent":null,"position":[0.053939588367939,-9.31322553798797e-12,0],"quat":[1.32348898008484e-23,-1.23001711558614e-14,1.57772199852112e-30,1],"path":"CAT_Pelvis/CAT_Spine1/CAT_Spine2","uniqueBindPose":[1.6292069915380125e-7,1.5099580252808664e-7,1,0,6.123234262925839e-17,-1,1.5099580252808664e-7,0,1,-2.4539106911834058e-14,-1.6292069915380125e-7,0,-0.23771411180496216,0.003767415415495634,0.0008923789719119668,1]},{"name":"CAT_Chest","scale":[1,1,1],"children":[7,9,13],"parent":null,"position":[0.053939588367939,0,0],"quat":[-7.105427357601e-15,1.32715739507611e-14,7.105427357601e-15,1],"path":"CAT_Pelvis/CAT_Spine1/CAT_Spine2/CAT_Chest","uniqueBindPose":[1.6292067073209182e-7,1.509957741063772e-7,1,0,6.123234262925839e-17,-1,1.509957741063772e-7,0,1,-2.4539105217768163e-14,-1.6292067073209182e-7,0,-0.29165369272232056,0.0037674244958907366,0.0008923877612687647,1]},{"name":"CAT_Neck","scale":[1,1,1],"children":[8],"parent":null,"position":[0.0363381579518318,-9.31322553798797e-12,-1.38777874976217e-19],"quat":[1.42108564092679e-14,-5.01720857242795e-14,-1.4210854715202e-14,1],"path":"CAT_Pelvis/CAT_Spine1/CAT_Spine2/CAT_Chest/CAT_Neck","uniqueBindPose":[1.6292071336465597e-7,1.509957741063772e-7,1,0,6.123234262925839e-17,-1,1.509957741063772e-7,0,1,-2.4539106911834058e-14,-1.6292071336465597e-7,0,-0.32799187302589417,0.003767430316656828,0.0008923936984501779,1]},{"name":"CAT_Head","scale":[1,1,1],"parent":null,"position":[0.148580849170685,0,0],"quat":[4.02340649945793e-21,-1.13287675139288e-14,1.57776732558329e-30,1],"path":"CAT_Pelvis/CAT_Spine1/CAT_Spine2/CAT_Chest/CAT_Neck/CAT_Head","uniqueBindPose":[1.6292067073209182e-7,1.509957741063772e-7,1,0,6.123234262925839e-17,-1,1.509957741063772e-7,0,1,-2.4539105217768163e-14,-1.6292067073209182e-7,0,-0.476572722196579,0.003767454531043768,0.000892417854629457,1]},{"name":"CAT_LeftShoudler","scale":[1,1,1],"children":[10],"parent":null,"position":[0.0201579667627811,-1.73472343720272e-20,0.0420703776180744],"quat":[-2.78904442974122e-31,-0.70710676908493,-2.78904442974122e-31,0.70710676908493],"path":"CAT_Pelvis/CAT_Spine1/CAT_Spine2/CAT_Chest/CAT_LeftShoudler","uniqueBindPose":[1,1.509957741063772e-7,-4.3711338548746426e-8,0,1.509957741063772e-7,-1,-1.6292067073209182e-7,0,-4.37113598650285e-8,1.6292067073209182e-7,-1,0,-0.04117802530527115,0.0037673767656087875,0.3118116557598114,1]},{"name":"CAT_LeftUpArm","scale":[1,1,1],"children":[11],"parent":null,"position":[0.0452004410326481,-9.31322553798797e-12,0],"quat":[0.670478761196136,-0.224035874009132,0.225437551736832,0.670405924320221],"path":"CAT_Pelvis/CAT_Spine1/CAT_Spine2/CAT_Chest/CAT_LeftShoudler/CAT_LeftUpArm","uniqueBindPose":[0.7979713082313538,-0.6026923060417175,0.0019120968645438552,0,-0.0018467254703864455,0.0007275005918927491,0.9999979734420776,0,-0.6026924848556519,-0.7979732155799866,-0.0005324825760908425,0,0.1190059706568718,0.3008742928504944,-0.003766563255339861,1]},{"name":"CAT_LeftForearm","scale":[0.999999403953552,1.00000071525574,1],"children":[12],"parent":null,"position":[0.0741015523672104,-7.62939436071974e-8,7.05849387827584e-8],"quat":[4.75446483960695e-7,-5.47100626135943e-7,0.193341806530952,0.981131434440613],"path":"CAT_Pelvis/CAT_Spine1/CAT_Spine2/CAT_Chest/CAT_LeftShoudler/CAT_LeftUpArm/CAT_LeftForearm","uniqueBindPose":[0.5096580982208252,-0.8603749871253967,0.0019152913009747863,0,-0.001433033961802721,0.001377225387841463,0.9999979734420776,0,-0.8603753447532654,-0.5096601247787476,-0.0005310325650498271,0,0.15569549798965454,0.26134389638900757,-0.0037673446349799633,1]},{"name":"CAT_LeftHand","scale":[0.999999403953552,1.00000071525574,1],"parent":null,"position":[0.0678008422255516,-3.81469718035987e-8,6.99143853921669e-8],"quat":[3.78180625704161e-10,-5.15181739046966e-7,-3.27825745216614e-7,1],"path":"CAT_Pelvis/CAT_Spine1/CAT_Spine2/CAT_Chest/CAT_LeftShoudler/CAT_LeftUpArm/CAT_LeftForearm/CAT_LeftHand","uniqueBindPose":[0.5096588730812073,-0.8603742122650146,0.0019117733463644981,0,-0.001432006130926311,0.0013737446861341596,0.9999979734420776,0,-0.8603756427764893,-0.5096602439880371,-0.0005319201154634356,0,0.08789458870887756,0.2613438665866852,-0.003766666166484356,1]},{"name":"CAT_RightShoudler","scale":[1,1,1],"children":[14],"parent":null,"position":[0.0201579667627811,-9.31322553798797e-12,-0.0420703776180744],"quat":[-2.78904442974122e-31,0.70710676908493,2.78904442974122e-31,0.70710676908493],"path":"CAT_Pelvis/CAT_Spine1/CAT_Spine2/CAT_Chest/CAT_RightShoudler","uniqueBindPose":[-1,1.5099580252808664e-7,-4.371143802472943e-8,0,-1.5099580252808664e-7,-1,1.6292067073209182e-7,0,-4.371140960302e-8,1.6292067073209182e-7,1,0,-0.042962703853845596,0.0037673767656087875,-0.3118116557598114,1]},{"name":"CAT_RightUpArm","scale":[0.999999940395355,0.999999940395355,1],"children":[15],"parent":null,"position":[0.0452004335820675,9.31322553798797e-12,0],"quat":[-0.670479118824005,0.224035710096359,0.225438445806503,0.670405268669128],"path":"CAT_Pelvis/CAT_Spine1/CAT_Spine2/CAT_Chest/CAT_RightShoudler/CAT_RightUpArm","uniqueBindPose":[-0.797970712184906,0.6026931405067444,0.0019142617238685489,0,-0.0018479176796972752,0.0007295149262063205,-0.9999979734420776,0,-0.6026933193206787,-0.7979726791381836,0.0005315957241691649,0,0.11758215725421906,0.30194979906082153,0.0037704166024923325,1]},{"name":"CAT_RightForearm","scale":[1.00000071525574,0.999999344348907,1],"children":[16],"parent":null,"position":[0.0741015449166298,7.62939436071974e-8,7.05849387827584e-8],"quat":[-2.75525735560223e-7,-4.63503596392911e-7,0.193342491984367,0.981131315231323],"path":"CAT_Pelvis/CAT_Spine1/CAT_Spine2/CAT_Chest/CAT_RightShoudler/CAT_RightUpArm/CAT_RightForearm","uniqueBindPose":[-0.5096579790115356,0.8603751063346863,0.0019155933987349272,0,-0.001433187979273498,0.0013774853432551026,-0.9999979734420776,0,-0.8603755831718445,-0.509660005569458,0.0005310329142957926,0,0.15478597581386566,0.2628793716430664,0.0037707628216594458,1]},{"name":"CAT_RightHand","scale":[1.00000071525574,0.999999403953552,1],"parent":null,"position":[0.067800909280777,3.81469718035987e-8,6.98585083114267e-8],"quat":[3.78534203981928e-10,-5.15006490786618e-7,3.57627612856959e-7,1],"path":"CAT_Pelvis/CAT_Spine1/CAT_Spine2/CAT_Chest/CAT_RightShoudler/CAT_RightUpArm/CAT_RightForearm/CAT_RightHand","uniqueBindPose":[-0.5096579790115356,0.8603751063346863,0.0019155933987349272,0,-0.001433187979273498,0.0013774853432551026,-0.9999979734420776,0,-0.8603755831718445,-0.509660005569458,0.0005310329142957926,0,0.08698509633541107,0.2628793716430664,0.0037707628216594458,1]},{"name":"CAT_LeftUpLeg","scale":[1,1,1],"children":[18],"parent":null,"position":[-0.00248624803498387,0.00550229195505381,0.0483156442642212],"quat":[0.0972819998860359,0.961488485336304,0.207142651081085,-0.152210429310799],"path":"CAT_Pelvis/CAT_LeftUpLeg","uniqueBindPose":[0.333000510931015,0.36871984601020813,-0.8678456544876099,0,-0.12401241064071655,-0.8952542543411255,-0.4279495179653168,0,-0.9347360134124756,0.25013110041618347,-0.25239425897598267,0,0.15344955027103424,-0.06438490748405457,0.08616979420185089,1]},{"name":"CAT_LeftLeg","scale":[1.00000023841858,1.00000059604645,0.999999582767487],"children":[19],"parent":null,"position":[0.0817316025495529,6.2942501699581e-7,-3.43322739126961e-7],"quat":[-0.0495599880814552,-0.0476214811205864,-0.308811157941818,0.948636710643768],"path":"CAT_Pelvis/CAT_LeftUpLeg/CAT_LeftLeg","uniqueBindPose":[-0.05129292979836464,0.5493242144584656,-0.8340334892272949,0,0.3687456548213959,-0.7657017111778259,-0.5269976258277893,0,-0.9281137585639954,-0.3345770835876465,-0.16328607499599457,0,0.10555673390626907,-0.01499736588448286,0.07312392443418503,1]},{"name":"CAT_LeftFoot","scale":[0.999999642372131,0.999999582767487,1],"children":[20],"parent":null,"position":[0.0722368732094765,2.38418573772492e-9,-8.88178399847791e-18],"quat":[0.00254921382293105,-0.0253261607140303,0.676121413707733,0.736350357532501],"path":"CAT_Pelvis/CAT_LeftUpLeg/CAT_LeftLeg/CAT_LeftFoot","uniqueBindPose":[0.5086535811424255,0.12341351062059402,-0.8520801067352295,0,-0.7528018951416016,-0.41650885343551636,-0.50971519947052,0,-0.4178047180175781,0.9007160067558289,-0.11895279586315155,0,-0.009152949787676334,-0.03669355437159538,0.07247099280357361,1]},{"name":"CAT_LeftToe","scale":[1.00000023841858,0.999999821186066,1],"parent":null,"position":[0.0580649562180042,4.44089199923895e-18,1.43051144263495e-8],"quat":[-0.0643636882305145,0.0152792362496257,0.213474571704865,0.97470635175705],"path":"CAT_Pelvis/CAT_LeftUpLeg/CAT_LeftLeg/CAT_LeftFoot/CAT_LeftToe","uniqueBindPose":[0.5619921088218689,-9.687661162161021e-8,-0.8271425366401672,0,-0.8271425366401672,1.499453361475389e-7,-0.5619921088218689,0,1.784700458529187e-7,1,4.137319820074481e-9,0,-0.08040541410446167,-0.013587133958935738,0.06683610379695892,1]},{"name":"CAT_RightUpLeg","scale":[0.999999940395355,0.99999988079071,0.99999988079071],"children":[22],"parent":null,"position":[-0.00248624803498387,0.00550229195505381,-0.0483156442642212],"quat":[0.0972809940576553,0.961488664150238,-0.207142353057861,0.152210503816605],"path":"CAT_Pelvis/CAT_RightUpLeg","uniqueBindPose":[-0.3329985737800598,-0.36871176958084106,-0.8678503036499023,0,-0.12401121854782104,-0.8952590823173523,0.427940309047699,0,-0.9347370862960815,0.2501266598701477,0.2523955702781677,0,0.1528555452823639,-0.06504177302122116,-0.08771908283233643,1]},{"name":"CAT_RightLeg","scale":[1,0.999999344348907,1.00000023841858],"children":[23],"parent":null,"position":[0.0817316025495529,6.2942501699581e-7,3.43322739126961e-7],"quat":[0.0495481565594673,0.0476503483951092,-0.309036940336227,0.948562383651733],"path":"CAT_Pelvis/CAT_RightUpLeg/CAT_RightLeg","uniqueBindPose":[0.051579177379608154,-0.5493077039718628,-0.8340269327163696,0,0.3690924644470215,-0.7655239105224609,0.5270150303840637,0,-0.9279603362083435,-0.3350164294242859,0.1632600575685501,0,0.10565808415412903,-0.01592813991010189,-0.07460885494947433,1]},{"name":"CAT_RightFoot","scale":[1.00000035762787,1.00000023841858,1.00000035762787],"children":[24],"parent":null,"position":[0.0722368732094765,1.19209286886246e-9,0],"quat":[-0.00255310628563166,0.0253064054995775,0.676425993442535,0.736071288585663],"path":"CAT_Pelvis/CAT_RightUpLeg/CAT_RightLeg/CAT_RightFoot","uniqueBindPose":[-0.5086532235145569,-0.12341343611478806,-0.8520803451538086,0,-0.752802312374115,-0.41650843620300293,0.5097149014472961,0,-0.4178043603897095,0.9007161259651184,0.1189524307847023,0,-0.010026572272181511,-0.03691073879599571,-0.07398804277181625,1]},{"name":"CAT_RightToe","scale":[1.00000011920929,0.99999988079071,1],"parent":null,"position":[0.0580649450421333,1.90734859017994e-8,-1.43051144263495e-8],"quat":[0.0643621757626534,-0.0152847981080413,0.213306069374084,0.974743247032166],"path":"CAT_Pelvis/CAT_RightUpLeg/CAT_RightLeg/CAT_RightFoot/CAT_RightToe","uniqueBindPose":[-0.5619919300079346,-4.7745711384550305e-8,-0.8271427750587463,0,-0.8271427750587463,2.482071579379408e-7,0.5619919300079346,0,1.784700458529187e-7,1,-1.7898292981044506e-7,0,-0.08137588948011398,-0.013598226942121983,-0.06830915063619614,1]},{"name":"CAT_LeftPlatform","scale":[1,1,1],"parent":null,"position":[0.104707553982735,-0.000494254869408906,0.0362837612628937],"quat":[0.624898493289948,0.624898374080658,0.330910801887512,0.330910861492157],"path":"CAT_LeftPlatform"},{"name":"CAT_RightPlatform","scale":[1,0.999999940395355,0.999999940395355],"parent":null,"position":[-0.106492221355438,-0.000494254869408906,0.0362837947905064],"quat":[0.330910921096802,0.330910891294479,0.624898314476013,0.624898433685303],"path":"CAT_RightPlatform"}]},{"__type__":"cc.SpriteFrame","content":{"name":"imgw_log linew2","texture":"04lgNVXdlIJppDrFJWaKVg","rect":[0,0,208,78],"offset":[0,0],"originalSize":[208,78],"capInsets":[0,0,0,0]}},{"__type__":"cc.SpriteFrame","content":{"name":"04B","texture":"cc2gSb/exB7LJ/v6JV/xc4","rect":[0,0,127,68],"offset":[0,0],"originalSize":[127,68],"capInsets":[0,0,0,0]}},{"__type__":"cc.SpriteFrame","content":{"name":"05B","texture":"60YOnbNJVGYaqrYTgRFaM2","rect":[0,0,127,70],"offset":[0,0],"originalSize":[127,70],"capInsets":[0,0,0,0]}},{"__type__":"cc.SpriteFrame","content":{"name":"fm_linePic","texture":"85xJqY5INDtYOikQek8ZbK","rect":[0,0,535,18],"offset":[0,0],"originalSize":[535,18],"capInsets":[0,0,0,0]}},{"__type__":"cc.Skeleton","_model":{"__uuid__":"0djT4DbRpEC7OiFTNvCkBX"},"_jointIndices":[13,14,6,7,5,15,4,16,8,9,10,11,12,3,21,22,23,24,17,18,19,20],"_skinIndex":0},{"__type__":"cc.SpriteFrame","content":{"name":"default_btn_disabled","texture":"71VhFCTINJM6/Ky3oX9nBT","rect":[0,0,40,40],"offset":[0,0],"originalSize":[40,40],"capInsets":[12,12,12,12]}},{"__type__":"cc.SpriteFrame","content":{"name":"icon5","texture":"c8QF+yyBdGea+ulKf3mRQg","rect":[0,0,404,146],"offset":[0,0],"originalSize":[404,146],"capInsets":[0,0,0,0]}},{"__type__":"cc.SpriteFrame","content":{"name":"button_buy","texture":"896qsIP+VIappuqO87QIx3","rect":[0,0,315,219],"offset":[0,0],"originalSize":[315,219],"capInsets":[0,0,0,0]}},{"__type__":"cc.Mesh","_native":".bin","_vertexBundles":[{"__type__":"cc.mesh.VertexBundle","data":{"__type__":"cc.BufferRange","length":4288},"formats":[{"__type__":"cc.mesh.VertexFormat","name":"a_normal","type":5126,"num":3},{"__type__":"cc.mesh.VertexFormat","name":"a_position","type":5126,"num":3},{"__type__":"cc.mesh.VertexFormat","name":"a_uv0","type":5126,"num":2}],"verticesCount":134}],"_primitives":[{"__type__":"cc.mesh.Primitive","vertexBundleIndices":[0],"data":{"__type__":"cc.BufferRange","offset":4288,"length":1044}}],"_minPos":{"__type__":"cc.Vec3","x":-0.0408088304102421,"y":-0.0408088304102421,"z":-0.0493529923260212},"_maxPos":{"__type__":"cc.Vec3","x":0.0408088304102421,"y":0.0408088304102421,"z":0.0493529960513115}},{"__type__":"cc.SpriteFrame","content":{"name":"04A","texture":"b6b9wmfuhMPIU4/KoqOISx","rect":[0,0,127,68],"offset":[0,0],"originalSize":[127,68],"capInsets":[0,0,0,0]}},{"__type__":"cc.SpriteFrame","content":{"name":"button_select","texture":"5dV7H/+rFF37imgEACAd6m","rect":[0,0,116,100],"offset":[0,0],"originalSize":[116,100],"capInsets":[0,0,0,0]}},[{"__type__":"cc.Prefab","_name":"robot_model","data":{"__id__":1}},{"__type__":"cc.Node","_name":"RootNode","_children":[{"__id__":2},{"__type__":"cc.Node","_name":"CAT_","_parent":{"__id__":1},"_prefab":{"__type__":"cc.PrefabInfo","root":{"__id__":1},"asset":{"__id__":0},"fileId":"CAT_"},"_trs":{"__type__":"TypedArray","ctor":"Float64Array","array":[-0.000892340845894068,0,0.000104046244814526,0.5000000298023198,0.50000002980232,0.4999999701976783,0.49999997019767833,1,1,1]},"_eulerAngles":{"__type__":"cc.Vec3","y":90.0000068301888,"z":90},"_is3DNode":true},{"__id__":3},{"__type__":"cc.Node","_name":"CAT_LeftPlatform","_parent":{"__id__":1},"_prefab":{"__type__":"cc.PrefabInfo","root":{"__id__":1},"asset":{"__id__":0},"fileId":"CAT_LeftPlatform"},"_trs":{"__type__":"TypedArray","ctor":"Float64Array","array":[0.104707553982735,-0.000494254869408906,0.0362837612628937,0.6248984150717127,0.6248984150717128,0.3309108200722082,0.3309108200722082,1,1,1]},"_eulerAngles":{"__type__":"cc.Vec3","y":124.19367814137807,"z":90},"_is3DNode":true},{"__type__":"cc.Node","_name":"CAT_RightPlatform","_parent":{"__id__":1},"_prefab":{"__type__":"cc.PrefabInfo","root":{"__id__":1},"asset":{"__id__":0},"fileId":"CAT_RightPlatform"},"_trs":{"__type__":"TypedArray","ctor":"Float64Array","array":[-0.106492221355438,-0.000494254869408906,0.0362837947905064,0.33091089127396256,0.3309108912739626,0.6248983773672897,0.6248983773672898,1,0.999999940395355,0.999999940395355]},"_eulerAngles":{"__type__":"cc.Vec3","y":55.806334915336585,"z":90},"_is3DNode":true}],"_components":[{"__type__":"cc.SkeletonAnimation","node":{"__id__":1},"_model":{"__uuid__":"0djT4DbRpEC7OiFTNvCkBX"}}],"_prefab":{"__type__":"cc.PrefabInfo","root":{"__id__":1},"asset":{"__id__":0},"fileId":"0d8d3e03-6d1a-440b-b3a2-15336f0a4057"},"_trs":{"__type__":"TypedArray","ctor":"Float64Array","array":[0,0,0,0,0,0,1,1,1,1]},"_is3DNode":true},{"__type__":"cc.Node","_name":"robot","_parent":{"__id__":1},"_components":[{"__type__":"cc.SkinnedMeshRenderer","node":{"__id__":2},"_materials":[{"__uuid__":"96e15e2B1LvqM/bnVL6amr"}],"_mesh":{"__uuid__":"c89KvvQXlNMpEA3OwCrYCe"},"_skeleton":{"__uuid__":"1bWo0TY9JM7a18hPVEqiBA"},"_rootBone":{"__id__":1}}],"_prefab":{"__type__":"cc.PrefabInfo","root":{"__id__":1},"asset":{"__id__":0},"fileId":"robot"},"_trs":{"__type__":"TypedArray","ctor":"Float64Array","array":[0,0,0.0038714143447578,-0.7071067690849295,0,0,0.7071067932881653,1,1,1]},"_eulerAngles":{"__type__":"cc.Vec3","x":-89.99999803884887},"_is3DNode":true},{"__type__":"cc.Node","_name":"CAT_Pelvis","_parent":{"__id__":1},"_children":[{"__id__":4},{"__id__":14},{"__id__":17}],"_prefab":{"__type__":"cc.PrefabInfo","root":{"__id__":1},"asset":{"__id__":0},"fileId":"CAT_Pelvis"},"_trs":{"__type__":"TypedArray","ctor":"Float64Array","array":[-0.000892340845894068,0.183774530887604,0.000104007580375765,0.5000000298023198,0.50000002980232,0.4999999701976783,0.49999997019767833,1,1,1]},"_eulerAngles":{"__type__":"cc.Vec3","y":90.0000068301888,"z":90},"_is3DNode":true},{"__type__":"cc.Node","_name":"CAT_Spine1","_parent":{"__id__":3},"_children":[{"__id__":5}],"_prefab":{"__type__":"cc.PrefabInfo","root":{"__id__":1},"asset":{"__id__":0},"fileId":"CAT_Pelvis/CAT_Spine1"},"_trs":{"__type__":"TypedArray","ctor":"Float64Array","array":[0,0,0,7.10542989869984e-15,-2.55717451066225e-14,-7.105427357601e-15,1,1,1,1]},"_eulerAngles":{"__type__":"cc.Vec3","x":8.142222896431171e-13,"y":-2.9303061387875632e-12,"z":-8.142219984546809e-13},"_is3DNode":true},{"__type__":"cc.Node","_name":"CAT_Spine2","_parent":{"__id__":4},"_children":[{"__id__":6}],"_prefab":{"__type__":"cc.PrefabInfo","root":{"__id__":1},"asset":{"__id__":0},"fileId":"CAT_Pelvis/CAT_Spine1/CAT_Spine2"},"_trs":{"__type__":"TypedArray","ctor":"Float64Array","array":[0.053939588367939,-9.31322553798797e-12,0,1.32348898008484e-23,-1.23001711558614e-14,1.57772199852112e-30,1,1,1,1]},"_eulerAngles":{"__type__":"cc.Vec3","x":1.5166066558187039e-21,"y":-1.4094957890388195e-12,"z":1.8079360486588995e-28},"_is3DNode":true},{"__type__":"cc.Node","_name":"CAT_Chest","_parent":{"__id__":5},"_children":[{"__id__":7},{"__id__":8},{"__id__":11}],"_prefab":{"__type__":"cc.PrefabInfo","root":{"__id__":1},"asset":{"__id__":0},"fileId":"CAT_Pelvis/CAT_Spine1/CAT_Spine2/CAT_Chest"},"_trs":{"__type__":"TypedArray","ctor":"Float64Array","array":[0.053939588367939,0,0,-7.105427357601e-15,1.32715739507611e-14,7.105427357601e-15,1,1,1,1]},"_eulerAngles":{"__type__":"cc.Vec3","x":-8.14221998454671e-13,"y":1.5208103497487555e-12,"z":8.142219984546493e-13},"_is3DNode":true},{"__type__":"cc.Node","_name":"CAT_Neck","_parent":{"__id__":6},"_children":[{"__type__":"cc.Node","_name":"CAT_Head","_parent":{"__id__":7},"_prefab":{"__type__":"cc.PrefabInfo","root":{"__id__":1},"asset":{"__id__":0},"fileId":"CAT_Pelvis/CAT_Spine1/CAT_Spine2/CAT_Chest/CAT_Neck/CAT_Head"},"_trs":{"__type__":"TypedArray","ctor":"Float64Array","array":[0.148580849170685,0,0,4.02340649945793e-21,-1.13287675139288e-14,1.57776732558329e-30,1,1,1,1]},"_eulerAngles":{"__type__":"cc.Vec3","x":4.610484233688879e-19,"y":-1.2981811312660687e-12,"z":1.807935945087305e-28},"_is3DNode":true}],"_prefab":{"__type__":"cc.PrefabInfo","root":{"__id__":1},"asset":{"__id__":0},"fileId":"CAT_Pelvis/CAT_Spine1/CAT_Spine2/CAT_Chest/CAT_Neck"},"_trs":{"__type__":"TypedArray","ctor":"Float64Array","array":[0.0363381579518318,-9.31322553798797e-12,-1.38777874976217e-19,1.42108564092679e-14,-5.01720857242795e-14,-1.4210854715202e-14,1,1,1,1]},"_eulerAngles":{"__type__":"cc.Vec3","x":1.6284441910348912e-12,"y":-5.7492975227395435e-12,"z":-1.628443996909402e-12},"_is3DNode":true},{"__type__":"cc.Node","_name":"CAT_LeftShoudler","_parent":{"__id__":6},"_children":[{"__id__":9}],"_prefab":{"__type__":"cc.PrefabInfo","root":{"__id__":1},"asset":{"__id__":0},"fileId":"CAT_Pelvis/CAT_Spine1/CAT_Spine2/CAT_Chest/CAT_LeftShoudler"},"_trs":{"__type__":"TypedArray","ctor":"Float64Array","array":[0.0201579667627811,-1.73472343720272e-20,0.0420703776180744,-2.7890444297412203e-31,-0.7071067690849295,-2.789044334276291e-31,0.7071067932881653,1,1,1]},"_eulerAngles":{"__type__":"cc.Vec3","x":-4.519839894495832e-29,"y":-89.99999803884887},"_is3DNode":true},{"__type__":"cc.Node","_name":"CAT_LeftUpArm","_parent":{"__id__":8},"_children":[{"__id__":10}],"_prefab":{"__type__":"cc.PrefabInfo","root":{"__id__":1},"asset":{"__id__":0},"fileId":"CAT_Pelvis/CAT_Spine1/CAT_Spine2/CAT_Chest/CAT_LeftShoudler/CAT_LeftUpArm"},"_trs":{"__type__":"TypedArray","ctor":"Float64Array","array":[0.0452004410326481,-9.31322553798797e-12,0,0.6704787587993143,-0.224035873188916,0.22543755883688157,0.6704058983847612,1,1,1]},"_eulerAngles":{"__type__":"cc.Vec3","x":90.04169523745392,"y":-37.06302541086783,"z":0.10581103860916025},"_is3DNode":true},{"__type__":"cc.Node","_name":"CAT_LeftForearm","_parent":{"__id__":9},"_children":[{"__type__":"cc.Node","_name":"CAT_LeftHand","_parent":{"__id__":10},"_prefab":{"__type__":"cc.PrefabInfo","root":{"__id__":1},"asset":{"__id__":0},"fileId":"CAT_Pelvis/CAT_Spine1/CAT_Spine2/CAT_Chest/CAT_LeftShoudler/CAT_LeftUpArm/CAT_LeftForearm/CAT_LeftHand"},"_trs":{"__type__":"TypedArray","ctor":"Float64Array","array":[0.0678008422255516,-3.81469718035987e-8,6.99143853921669e-8,3.781806257042316e-10,-5.151817390470621e-7,-3.278257452166751e-7,0.9999999999998136,0.999999403953552,1.00000071525574,1]},"_eulerAngles":{"__type__":"cc.Vec3","x":4.3316954143153884e-8,"y":-0.00005903547864501893,"z":-0.0000375660632556148},"_is3DNode":true}],"_prefab":{"__type__":"cc.PrefabInfo","root":{"__id__":1},"asset":{"__id__":0},"fileId":"CAT_Pelvis/CAT_Spine1/CAT_Spine2/CAT_Chest/CAT_LeftShoudler/CAT_LeftUpArm/CAT_LeftForearm"},"_trs":{"__type__":"TypedArray","ctor":"Float64Array","array":[0.0741015523672104,-7.62939436071974e-8,7.05849387827584e-8,4.7544647773101317e-7,-5.471006171165757e-7,0.1933418008680862,0.9811314631773664,0.999999403953552,1.00000071525574,1]},"_eulerAngles":{"__type__":"cc.Vec3","x":0.00007087404675738088,"y":-0.00007786523148183107,"z":22.295744939750218},"_is3DNode":true},{"__type__":"cc.Node","_name":"CAT_RightShoudler","_parent":{"__id__":6},"_children":[{"__id__":12}],"_prefab":{"__type__":"cc.PrefabInfo","root":{"__id__":1},"asset":{"__id__":0},"fileId":"CAT_Pelvis/CAT_Spine1/CAT_Spine2/CAT_Chest/CAT_RightShoudler"},"_trs":{"__type__":"TypedArray","ctor":"Float64Array","array":[0.0201579667627811,-9.31322553798797e-12,-0.0420703776180744,-2.7890444297412203e-31,0.7071067690849295,2.789044334276291e-31,0.7071067932881653,1,1,1]},"_eulerAngles":{"__type__":"cc.Vec3","x":-4.519839894495832e-29,"y":89.99999803884887},"_is3DNode":true},{"__type__":"cc.Node","_name":"CAT_RightUpArm","_parent":{"__id__":11},"_children":[{"__id__":13}],"_prefab":{"__type__":"cc.PrefabInfo","root":{"__id__":1},"asset":{"__id__":0},"fileId":"CAT_Pelvis/CAT_Spine1/CAT_Spine2/CAT_Chest/CAT_RightShoudler/CAT_RightUpArm"},"_trs":{"__type__":"TypedArray","ctor":"Float64Array","array":[0.0452004335820675,9.31322553798797e-12,0,-0.6704791211909122,0.22403571090634677,0.22543843879516104,0.6704052942805196,0.999999940395355,0.999999940395355,1]},"_eulerAngles":{"__type__":"cc.Vec3","x":-90.04179638814779,"y":37.06308688615103,"z":0.1058661984113484},"_is3DNode":true},{"__type__":"cc.Node","_name":"CAT_RightForearm","_parent":{"__id__":12},"_children":[{"__type__":"cc.Node","_name":"CAT_RightHand","_parent":{"__id__":13},"_prefab":{"__type__":"cc.PrefabInfo","root":{"__id__":1},"asset":{"__id__":0},"fileId":"CAT_Pelvis/CAT_Spine1/CAT_Spine2/CAT_Chest/CAT_RightShoudler/CAT_RightUpArm/CAT_RightForearm/CAT_RightHand"},"_trs":{"__type__":"TypedArray","ctor":"Float64Array","array":[0.067800909280777,3.81469718035987e-8,6.98585083114267e-8,3.785342039820024e-10,-5.150064907867192e-7,3.576276128570293e-7,0.9999999999998035,1.00000071525574,0.999999403953552,1]},"_eulerAngles":{"__type__":"cc.Vec3","x":4.3397930114467735e-8,"y":-0.000059015396703370935,"z":0.00004098110568574872},"_is3DNode":true}],"_prefab":{"__type__":"cc.PrefabInfo","root":{"__id__":1},"asset":{"__id__":0},"fileId":"CAT_Pelvis/CAT_Spine1/CAT_Spine2/CAT_Chest/CAT_RightShoudler/CAT_RightUpArm/CAT_RightForearm"},"_trs":{"__type__":"TypedArray","ctor":"Float64Array","array":[0.0741015449166298,7.62939436071974e-8,7.05849387827584e-8,-2.755257300344206e-7,-4.6350358967413106e-7,0.19334248957442898,0.9811313274607385,1.00000071525574,0.999999344348907,1]},"_eulerAngles":{"__type__":"cc.Vec3","x":-0.000022381357668759567,"y":-0.00004972456813656797,"z":22.29582537748144},"_is3DNode":true},{"__type__":"cc.Node","_name":"CAT_LeftUpLeg","_parent":{"__id__":3},"_children":[{"__id__":15}],"_prefab":{"__type__":"cc.PrefabInfo","root":{"__id__":1},"asset":{"__id__":0},"fileId":"CAT_Pelvis/CAT_LeftUpLeg"},"_trs":{"__type__":"TypedArray","ctor":"Float64Array","array":[-0.00248624803498387,0.00550229195505381,0.0483156442642212,-0.09728199977219645,-0.9614884915416668,-0.20714264971203292,0.15221043270265858,1,1,1]},"_eulerAngles":{"__type__":"cc.Vec3","x":-25.548462309905478,"y":-160.39156846825202,"z":7.12373258905446},"_is3DNode":true},{"__type__":"cc.Node","_name":"CAT_LeftLeg","_parent":{"__id__":14},"_children":[{"__id__":16}],"_prefab":{"__type__":"cc.PrefabInfo","root":{"__id__":1},"asset":{"__id__":0},"fileId":"CAT_Pelvis/CAT_LeftUpLeg/CAT_LeftLeg"},"_trs":{"__type__":"TypedArray","ctor":"Float64Array","array":[0.0817316025495529,6.2942501699581e-7,-3.43322739126961e-7,-0.04955998796382602,-0.04762148111108428,-0.30881114602061865,0.948636747244826,1.00000023841858,1.00000059604645,0.999999582767487]},"_eulerAngles":{"__type__":"cc.Vec3","x":-8.724826840562944,"y":-8.548170338410806,"z":-35.53350734248063},"_is3DNode":true},{"__type__":"cc.Node","_name":"CAT_LeftFoot","_parent":{"__id__":15},"_children":[{"__type__":"cc.Node","_name":"CAT_LeftToe","_parent":{"__id__":16},"_prefab":{"__type__":"cc.PrefabInfo","root":{"__id__":1},"asset":{"__id__":0},"fileId":"CAT_Pelvis/CAT_LeftUpLeg/CAT_LeftLeg/CAT_LeftFoot/CAT_LeftToe"},"_trs":{"__type__":"TypedArray","ctor":"Float64Array","array":[0.0580649562180042,4.44089199923895e-18,1.43051144263495e-8,-0.06436368835040773,0.015279236212147334,0.21347457221845487,0.9747063494093249,1.00000023841858,0.999999821186066,1]},"_eulerAngles":{"__type__":"cc.Vec3","x":-8.338347029897097,"y":3.6071925004504855,"z":24.467888341274058},"_is3DNode":true}],"_prefab":{"__type__":"cc.PrefabInfo","root":{"__id__":1},"asset":{"__id__":0},"fileId":"CAT_Pelvis/CAT_LeftUpLeg/CAT_LeftLeg/CAT_LeftFoot"},"_trs":{"__type__":"TypedArray","ctor":"Float64Array","array":[0.0722368732094765,2.38418573772492e-9,-8.88178399847791e-18,0.002549325726903723,-0.025326257160974086,0.6761211760119552,0.7363506209576829,0.999999642372131,0.999999582767487,1]},"_eulerAngles":{"__type__":"cc.Vec3","x":23.911945333317576,"y":-25.759640904991755,"z":84.620373931044},"_is3DNode":true},{"__type__":"cc.Node","_name":"CAT_RightUpLeg","_parent":{"__id__":3},"_children":[{"__id__":18}],"_prefab":{"__type__":"cc.PrefabInfo","root":{"__id__":1},"asset":{"__id__":0},"fileId":"CAT_Pelvis/CAT_RightUpLeg"},"_trs":{"__type__":"TypedArray","ctor":"Float64Array","array":[-0.00248624803498387,0.00550229195505381,-0.0483156442642212,0.0972809943795571,0.9614886466027847,-0.2071423569292411,0.1522104942251649,0.999999940395355,0.99999988079071,0.99999988079071]},"_eulerAngles":{"__type__":"cc.Vec3","x":25.54840522146407,"y":160.391592074955,"z":7.12362637145598},"_is3DNode":true},{"__type__":"cc.Node","_name":"CAT_RightLeg","_parent":{"__id__":17},"_children":[{"__id__":19}],"_prefab":{"__type__":"cc.PrefabInfo","root":{"__id__":1},"asset":{"__id__":0},"fileId":"CAT_Pelvis/CAT_RightUpLeg/CAT_RightLeg"},"_trs":{"__type__":"TypedArray","ctor":"Float64Array","array":[0.0817316025495529,6.2942501699581e-7,3.43322739126961e-7,0.049548156562586834,0.04765034839534137,-0.30903694066156207,0.948562382653663,1,0.999999344348907,1.00000023841858]},"_eulerAngles":{"__type__":"cc.Vec3","x":8.728446149619893,"y":8.555519345746731,"z":-35.56031572354256},"_is3DNode":true},{"__type__":"cc.Node","_name":"CAT_RightFoot","_parent":{"__id__":18},"_children":[{"__type__":"cc.Node","_name":"CAT_RightToe","_parent":{"__id__":19},"_prefab":{"__type__":"cc.PrefabInfo","root":{"__id__":1},"asset":{"__id__":0},"fileId":"CAT_Pelvis/CAT_RightUpLeg/CAT_RightLeg/CAT_RightFoot/CAT_RightToe"},"_trs":{"__type__":"TypedArray","ctor":"Float64Array","array":[0.0580649450421333,1.90734859017994e-8,-1.43051144263495e-8,0.06436217553043012,-0.015284798180451711,0.21330606838035088,0.9747432515784297,1.00000011920929,0.99999988079071,1]},"_eulerAngles":{"__type__":"cc.Vec3","x":8.336969968259448,"y":-3.605973184239865,"z":24.448161016711264},"_is3DNode":true}],"_prefab":{"__type__":"cc.PrefabInfo","root":{"__id__":1},"asset":{"__id__":0},"fileId":"CAT_Pelvis/CAT_RightUpLeg/CAT_RightLeg/CAT_RightFoot"},"_trs":{"__type__":"TypedArray","ctor":"Float64Array","array":[0.0722368732094765,1.19209286886246e-9,0,-0.0025531078715352595,0.025306406868648823,0.6764259901034564,0.736071292283671,1.00000035762787,1.00000023841858,1.00000035762787]},"_eulerAngles":{"__type__":"cc.Vec3","x":-24.113769924241833,"y":25.95951543505171,"z":84.663890258485},"_is3DNode":true}],{"__type__":"cc.SpriteFrame","content":{"name":"button_bottom","texture":"eboJ07PIJATLVtPeO9Bs0R","rect":[0,0,426,141],"offset":[0,0],"originalSize":[426,141],"capInsets":[0,0,0,0]}},{"__type__":"cc.SpriteFrame","content":{"name":"02A","texture":"f3Rokl4fZO5IytUVCAKH62","rect":[0,0,128,69],"offset":[0,0],"originalSize":[128,69],"capInsets":[0,0,0,0]}},{"__type__":"cc.Mesh","_native":".bin","_vertexBundles":[{"__type__":"cc.mesh.VertexBundle","data":{"__type__":"cc.BufferRange","length":87864},"formats":[{"__type__":"cc.mesh.VertexFormat","name":"a_joints","type":5123,"num":4},{"__type__":"cc.mesh.VertexFormat","name":"a_normal","type":5126,"num":3},{"__type__":"cc.mesh.VertexFormat","name":"a_position","type":5126,"num":3},{"__type__":"cc.mesh.VertexFormat","name":"a_uv0","type":5126,"num":2},{"__type__":"cc.mesh.VertexFormat","name":"a_weights","type":5126,"num":4}],"verticesCount":1569}],"_primitives":[{"__type__":"cc.mesh.Primitive","vertexBundleIndices":[0],"data":{"__type__":"cc.BufferRange","offset":87864,"length":15360}}],"_minPos":{"__type__":"cc.Vec3","x":-0.212476283311844,"y":-0.153683722019196,"z":0.000160592564498074},"_maxPos":{"__type__":"cc.Vec3","x":0.212476283311844,"y":0.153683692216873,"z":0.664190590381622}},{"__type__":"cc.SpriteFrame","content":{"name":"frame_Board","texture":"e2oZH7e3VM1YADqr7rp5oD","rect":[0,0,469,1018],"offset":[0,0],"originalSize":[469,1018],"capInsets":[0,0,0,0]}},{"__type__":"cc.SpriteFrame","content":{"name":"imgw_word3","texture":"e2lYt4nKpN2KiRF4M9DS9X","rect":[0,0,383,90],"offset":[0,0],"originalSize":[383,90],"capInsets":[0,0,0,0]}},{"__type__":"cc.Model","_name":"space_model","_nodes":[{"name":"RootNode","scale":[1,1,1],"children":[1,2,3,4,26,27],"position":[0,0,0],"quat":[0,0,0,1],"path":""},{"name":"space","scale":[17.9999980926514,17.9999980926514,17.9999980926514],"mesh":0,"skin":0,"parent":null,"position":[0,0,0.0038714143447578],"quat":[-0.70710676908493,0,0,0.70710676908493],"path":"space"},{"name":"rocket","scale":[17.9999980926514,17.9999980926514,17.9999980926514],"mesh":1,"parent":null,"position":[-0.429902940988541,0.157669767737389,0.00463377451524138],"quat":[-0.70710676908493,0,0,0.70710676908493],"path":"rocket"},{"name":"hat","scale":[18.6965980529785,18.6965980529785,18.6965980529785],"mesh":2,"skin":1,"parent":null,"position":[0,0.500039935112,-6.03496941309345e-9],"quat":[-0.70710676908493,0,0,0.70710676908493],"path":"hat"},{"name":"CAT_Pelvis","scale":[1,1,1],"children":[5,18,22],"parent":null,"position":[-0.000892340845894068,0.183774530887604,0.000104007580375765],"quat":[0.500000059604645,0.499999910593033,0.499999940395355,0.50000011920929],"path":"CAT_Pelvis","uniqueBindPose":[0.000005650495950249024,-0.0000015736098930574371,17.999998092651367,0,1.102182034977753e-15,-17.999998092651367,-0.0000015736098930574371,0,17.999998092651367,4.950842795621579e-13,-0.000005650495950249024,0,-0.18377453088760376,0.0037674065679311752,0.0008923988789319992,1]},{"name":"CAT_Spine1","scale":[1,1,1],"children":[6],"parent":null,"position":[0,0,0],"quat":[-1.7763559923673e-14,1.18500146490102e-14,2.8421709430404e-14,1],"path":"CAT_Pelvis/CAT_Spine1","uniqueBindPose":[0.0000056504968597437255,-0.000001573610347804788,17.999998092651367,0,1.102182034977753e-15,-17.999998092651367,-0.000001573610347804788,0,17.999998092651367,4.950844964025924e-13,-0.0000056504968597437255,0,-0.18377453088760376,0.0037674065679311752,0.0008923988789319992,1]},{"name":"CAT_Spine2","scale":[1,1,1],"children":[7],"parent":null,"position":[0.053939588367939,-9.31322553798797e-12,0],"quat":[7.105427357601e-15,-1.37217329987112e-14,1.4210854715202e-14,1],"path":"CAT_Pelvis/CAT_Spine1/CAT_Spine2","uniqueBindPose":[0.0000056504968597437255,-0.0000015736097793705994,17.999998092651367,0,1.102182034977753e-15,-17.999998092651367,-0.0000015736097793705994,0,17.999998092651367,4.950843337722666e-13,-0.0000056504968597437255,0,-0.23771411180496216,0.0037673895712941885,0.0008924157591536641,1]},{"name":"CAT_Chest","scale":[1,1,1],"children":[8,10,14],"parent":null,"position":[0.053939588367939,0,0],"quat":[-7.105427357601e-15,5.69993372976068e-15,4.68113523017223e-29,1],"path":"CAT_Pelvis/CAT_Spine1/CAT_Spine2/CAT_Chest","uniqueBindPose":[0.0000056504968597437255,-0.0000015736100067442749,17.999998092651367,0,1.102182034977753e-15,-17.999998092651367,-0.0000015736100067442749,0,17.999998092651367,4.950843879823752e-13,-0.0000056504968597437255,0,-0.29165369272232056,0.0037673728074878454,0.0008924326975829899,1]},{"name":"CAT_Neck","scale":[1,1,1],"children":[9],"parent":null,"position":[0.0363381579518318,1.73472343720272e-20,0],"quat":[-1.06581427304674e-14,-4.40220064990959e-14,2.8421709430404e-14,1],"path":"CAT_Pelvis/CAT_Spine1/CAT_Spine2/CAT_Chest/CAT_Neck","uniqueBindPose":[0.000005650497314491076,-0.0000015736105751784635,17.999998092651367,0,1.102182034977753e-15,-17.999998092651367,-0.0000015736105751784635,0,17.999998092651367,4.950846590329183e-13,-0.000005650497314491076,0,-0.32799187302589417,0.0037673611659556627,0.000892444106284529,1]},{"name":"CAT_Head","scale":[1,1,1],"parent":null,"position":[0.148580849170685,-9.31322553798797e-12,1.38777874976217e-19],"quat":[1.0658133413105e-14,-1.89004170522917e-14,1.4210854715202e-14,1],"path":"CAT_Pelvis/CAT_Spine1/CAT_Spine2/CAT_Chest/CAT_Neck/CAT_Head","bindpose":{"0":[0.000005650498678733129,-0.000001573610347804788,17.999998092651367,0,1.102182034977753e-15,-17.999998092651367,-0.000001573610347804788,0,17.999998092651367,4.950846048228097e-13,-0.000005650498678733129,0,-0.476572722196579,0.0037673148326575756,0.0008924907306209207,1],"1":[0.000005869172582606552,-0.0000016345090898539638,18.696598052978516,0,1.144836390739993e-15,-18.696598052978516,-0.0000016345090898539638,0,18.696598052978516,5.14244408774539e-13,-0.000005869172582606552,0,0.02346721664071083,-0.00010410559480078518,0.0008923334535211325,1]}},{"name":"CAT_LeftShoudler","scale":[1,1,1],"children":[11],"parent":null,"position":[0.0201579667627811,0,0.0420703776180744],"quat":[0,-0.70710676908493,0,0.70710676908493],"path":"CAT_Pelvis/CAT_Spine1/CAT_Spine2/CAT_Chest/CAT_LeftShoudler","uniqueBindPose":[17.999998092651367,-0.0000015736101204311126,-7.868039233471791e-7,0,-0.0000015736098930574371,-17.999998092651367,0.0000056504968597437255,0,-7.8680437809453e-7,-0.0000056504968597437255,-17.999998092651367,0,-0.04117802530527115,0.0037674643099308014,0.3118116557598114,1]},{"name":"CAT_LeftUpArm","scale":[0.999999284744263,0.999999701976776,1.00000071525574],"children":[12],"parent":null,"position":[0.0452004410326481,0,0],"quat":[0.670478880405426,-0.224035888910294,0.225438043475151,0.670405566692352],"path":"CAT_Pelvis/CAT_Spine1/CAT_Spine2/CAT_Chest/CAT_LeftShoudler/CAT_LeftUpArm","uniqueBindPose":[14.36348819732666,-10.848467826843262,0.03443719446659088,0,-0.03324706852436066,0.013119406066834927,17.999950408935547,0,-10.84847640991211,-14.363518714904785,-0.009568835608661175,0,0.11900614202022552,0.30087435245513916,-0.003766846377402544,1]},{"name":"CAT_LeftForearm","scale":[1.0000022649765,0.999998509883881,0.999999523162842],"children":[13],"parent":null,"position":[0.0741015523672104,0,-9.31322553798797e-12],"quat":[3.61106117452437e-7,-1.46674025813809e-7,0.193342089653015,0.981131434440613],"path":"CAT_Pelvis/CAT_Spine1/CAT_Spine2/CAT_Chest/CAT_LeftShoudler/CAT_LeftUpArm/CAT_LeftForearm","uniqueBindPose":[9.173839569091797,-15.486770629882812,0.034444380551576614,0,-0.025776337832212448,0.024765031412243843,17.999961853027344,0,-15.486735343933105,-9.17390251159668,-0.009555653668940067,0,0.15569527447223663,0.26134443283081055,-0.0037671024911105633,1]},{"name":"CAT_LeftHand","scale":[1.0000067949295,0.999995112419128,0.999998450279236],"parent":null,"position":[0.0678009018301964,-1.90734859017994e-8,1.86264510759759e-11],"quat":[-2.39380195665717e-8,6.38097148453198e-8,2.98021216593725e-8,1],"path":"CAT_Pelvis/CAT_Spine1/CAT_Spine2/CAT_Chest/CAT_LeftShoudler/CAT_LeftUpArm/CAT_LeftForearm/CAT_LeftHand","uniqueBindPose":[9.17377758026123,-15.486848831176758,0.03444183990359306,0,-0.025778459385037422,0.02476077526807785,17.99999237060547,0,-15.4866304397583,-9.173948287963867,-0.009559876285493374,0,0.08789382129907608,0.2613457441329956,-0.003767034038901329,1]},{"name":"CAT_RightShoudler","scale":[1,1,1],"children":[15],"parent":null,"position":[0.0201579667627811,0,-0.0420703738927841],"quat":[-4.46247108758595e-30,0.70710676908493,4.46247108758595e-30,0.70710676908493],"path":"CAT_Pelvis/CAT_Spine1/CAT_Spine2/CAT_Chest/CAT_RightShoudler","uniqueBindPose":[-17.999998092651367,-0.0000015736100067442749,-7.868059128668392e-7,0,0.0000015736101204311126,-17.99999809